ADMIN_ACCOUNT_ID=0.0.10569618
ADMIN_PRIVATE_KEY="302e020100300506032b6570042204204a890bb6a54e04171584d238c31f084ad5d5c0b28397d9585442c22b57457ccd"

TOPIC_ID=0.0.10557707