ADMIN_ACCOUNT_ID=0.0.10568978
ADMIN_ACCOUNT_PRIVATE_KEY="302e020100300506032b657004220420bf44444d592013ec5aac39cca57b5e4718409d0db5ee73c113df90e20d7bf6b1"

SMART_CONTRACT_ID=0.0.10570981

EXECUTOR_ACCOUNT_ID=0.0.10568979
EXECUTOR_ACCOUNT_PRIVATE_KEY="302e020100300506032b657004220420b371114d88a52f2f98634c2af1e88b579d4356672127486dd90f502f452f8104"