# Admin Account Id
ADMIN_ACCOUNT_ID="0.0.13726169"
ADMIN_ACCOUNT_PRIVATEKEY="302e020100300506032b657004220420da9cccc9dc38f8983a1804f077466bd6829b3bd5832b05bae323b492a451c46f"

FEE_COLLECTED_ACCOUNT_ID="0.0.13726170"


#Token Id
TOKEN_ID=0.0.13726655

MY_ACCOUNT_ID = 0.0.13726169
MY_PRIVATE_KEY = 302e020100300506032b657004220420da9cccc9dc38f8983a1804f077466bd6829b3bd5832b05bae323b492a451c46f

OTHER_ACCOUNT_ID = 0.0.13726171
OTHER_PRIVATE_KEY = 302e020100300506032b657004220420a3ad2f9a2b96e488ce1517bd2e01613389c4cd413ca8307b012daa2bea1f3a7a

UNAUTH_ACCOUNT_ID = 0.0.48813362
UNAUTH_PRIVATE_KEY = 9dcc33fcdea6bbe71ccd45012743518767c144c057824f8228f6abfc5be1fb4e

TOKEN_ID = 0.0.13726655
NFT_ID = 0.0.13726655
